#pragma once
#include <eigen3/Eigen/Dense>

// Build F_r as an Eigen::Matrix<double,12,12>
inline Eigen::Matrix<double, 12, 12> makeF_r() {
  static const double vals[] = {
    1.0, 0.0, 0.0, 0.0, 4.538382063118238e-5, 0.0, 0.001999772210596326, 0.0, 0.0, 0.0, 1.512821778609062e-8, 0.0,
    0.0, 1.0, 0.0, -4.538382063118238e-5, 0.0, 0.0, 0.0, 0.001999772210596326, 0.0, -1.512821778609062e-8, 0.0, 0.0,
    0.0, 0.0, 1.0, 0.0, 0.0, 0.0, 0.0, 0.0, 0.0019997441069307597, 0.0, 0.0, 0.0,
    0.0, 0.0, 0.0, 1.0, 0.0, 0.0, 0.0, 0.0, 0.0, 0.001, 0.0, 0.0,
    0.0, 0.0, 0.0, 0.0, 1.0, 0.0, 0.0, 0.0, 0.0, 0.0, 0.001, 0.0,
    0.0, 0.0, 0.0, 0.0, 0.0, 1.0, 0.0, 0.0, 0.0, 0.0, 0.0, 0.001,
    0.0, 0.0, 0.0, 0.0, 0.039235530771899924, 0.0, 0.9997722192446564, 0.0, 0.0, 0.0, 1.6545343514517374e-5, 0.0,
    0.0, 0.0, 0.0, -0.039235530771899924, 0.0, 0.0, 0.0, 0.9997722192446564, 0.0, -1.6545343514517374e-5, 0.0, 0.0,
    0.0, 0.0, 0.0, 0.0, 0.0, 0.0, 0.0, 0.0, 0.9997441178447689, 0.0, 0.0, 0.0,
    0.0, 0.0, 0.0, 0.0, 0.0, 0.0, 0.0, 0.0, 0.0, 1.0, 0.0, 0.0,
    0.0, 0.0, 0.0, 0.0, 0.0, 0.0, 0.0, 0.0, 0.0, 0.0, 1.0, 0.0,
    0.0, 0.0, 0.0, 0.0, 0.0, 0.0, 0.0, 0.0, 0.0, 0.0, 0.0, 1.0
  };
  return Eigen::Matrix<double, 12, 12>(
    Eigen::Map<const Eigen::Matrix<double, 12, 12, Eigen::RowMajor>>(vals)
  );
}

// Build P as an Eigen::Matrix<double,12,12>
inline Eigen::Matrix<double, 12, 12> makeP() {
  static const double vals[] = {
    72400.16011962746, -0.000982265571301866, 7.34026818622271e-5, 0.002078835437584732, 100606.81783774376, 0.002690123644233022, 26761.89912310719, -0.0009993790112441919, 7.809209122436517e-8, 0.0002472969522853271, 50.10279530792586, 0.0039848510078048125,
    -0.000982265571301866, 72400.1608323817, -3.7004678760677194e-5, -100606.82609778518, -0.00777616092290364, -0.009504939825370397, -0.0010386014773705033, 26761.90016561518, -3.974635943500023e-8, -50.103575774567915, -0.00025014562895781076, -0.009293992749872975,
    7.34026818622271e-5, -3.7004678760677194e-5, 50103.53160442173, 5.1906340921803375e-5, 0.0002950055465802111, 0.0001470808106741378, 3.899444874510245e-5, -2.6482000284656364e-5, 53.53520731054667, 2.5768957221674663e-8, 1.4719149482934966e-7, 7.379184856462553e-8,
    0.002078835437584732, -100606.82609778518, 5.1906340921803375e-5, 1.053843576589499e6, 0.06837248276032687, 0.09791200206732828, 0.009436083275811186, -139346.90840920783, 5.829052757140941e-8, 525.8426856128258, 0.002628056256559274, 0.09789357576424448,
    100606.81783774376, -0.00777616092290364, 0.0002950055465802111, 0.06837248276032687, 1.053843487420054e6, 0.03118194346388029, 139346.8968247346, -0.008722487612185203, 3.1104936748054493e-7, 0.002628060088729489, 525.8344638135939, 0.04197432006459466,
    0.002690123644233022, -0.009504939825370397, 0.0001470808106741378, 0.09791200206732828, 0.03118194346388029, 100100.15044399069, 0.005016030772526355, -0.012966569031940536, 1.5753676786445244e-7, 0.009382342053300984, 0.00401803426020303, 50.15045041564503,
    26761.89912310719, -0.0010386014773705033, 3.899444874510245e-5, 0.009436083275811186, 139346.8968247346, 0.005016030772526355, 32835.73441212163, -0.0013716479182275475, 4.1082261120216287e-8, 0.0003462486674735406, 69.42807652082473, 0.0055271647267731835,
    -0.0009993790112441919, 26761.90016561518, -2.6482000284656364e-5, -139346.90840920783, -0.008722487612185203, -0.012966569031940536, -0.0013716479182275475, 32835.73591148511, -2.8687679100153628e-8, -69.42915899945984, -0.0003458919814960466, -0.012889566492325071,
    7.809209122436517e-8, -3.974635943500023e-8, 53.53520731054667, 5.829052757140941e-8, 3.1104936748054493e-7, 1.5753676786445244e-7, 4.1082261120216287e-8, -2.8687679100153628e-8, 103.59386596300563, 2.8950849595899265e-11, 1.5519001621327815e-10, 7.90424329450287e-11,
    0.0002472969522853271, -50.103575774567915, 2.5768957221674663e-8, 525.8426856128258, 0.002628060088729489, 0.009382342053300984, 0.0003462486674735406, -69.42915899945984, 2.8950849595899265e-11, 100.2647633638461, 0.0002501682120277532, 0.009391681338270928,
    50.10279530792586, -0.00025014562895781076, 1.4719149482934966e-7, 0.002628056256559274, 525.8344638135939, 0.00401803426020303, 69.42807652082473, -0.0003458919814960466, 1.5519001621327815e-10, 0.0002501682120277532, 100.2639747516058, 0.004027435082515924,
    0.0039848510078048125, -0.009293992749872975, 7.379184856462553e-8, 0.09789357576424448, 0.04197432006459466, 50.15045041564503, 0.0055271647267731835, -0.012889566492325071, 7.90424329450287e-11, 0.009391681338270928, 0.004027435082515924, 100.17560102156727
  };
  return Eigen::Matrix<double, 12, 12>(
    Eigen::Map<const Eigen::Matrix<double, 12, 12, Eigen::RowMajor>>(vals)
  );
}

// Build Q as an Eigen::Matrix<double,12,12>
inline Eigen::Matrix<double, 12, 12> makeQ() {
  static const double vals[] = {
    100.0, 0.0, 0.0, 0.0, 0.0, 0.0, 0.0, 0.0, 0.0, 0.0, 0.0, 0.0,
    0.0, 100.0, 0.0, 0.0, 0.0, 0.0, 0.0, 0.0, 0.0, 0.0, 0.0, 0.0,
    0.0, 0.0, 100.0, 0.0, 0.0, 0.0, 0.0, 0.0, 0.0, 0.0, 0.0, 0.0,
    0.0, 0.0, 0.0, 100.0, 0.0, 0.0, 0.0, 0.0, 0.0, 0.0, 0.0, 0.0,
    0.0, 0.0, 0.0, 0.0, 100.0, 0.0, 0.0, 0.0, 0.0, 0.0, 0.0, 0.0,
    0.0, 0.0, 0.0, 0.0, 0.0, 100.0, 0.0, 0.0, 0.0, 0.0, 0.0, 0.0,
    0.0, 0.0, 0.0, 0.0, 0.0, 0.0, 100.0, 0.0, 0.0, 0.0, 0.0, 0.0,
    0.0, 0.0, 0.0, 0.0, 0.0, 0.0, 0.0, 100.0, 0.0, 0.0, 0.0, 0.0,
    0.0, 0.0, 0.0, 0.0, 0.0, 0.0, 0.0, 0.0, 100.0, 0.0, 0.0, 0.0,
    0.0, 0.0, 0.0, 0.0, 0.0, 0.0, 0.0, 0.0, 0.0, 100.0, 0.0, 0.0,
    0.0, 0.0, 0.0, 0.0, 0.0, 0.0, 0.0, 0.0, 0.0, 0.0, 100.0, 0.0,
    0.0, 0.0, 0.0, 0.0, 0.0, 0.0, 0.0, 0.0, 0.0, 0.0, 0.0, 100.0
  };
  return Eigen::Matrix<double, 12, 12>(
    Eigen::Map<const Eigen::Matrix<double, 12, 12, Eigen::RowMajor>>(vals)
  );
}
